MeshData 1 - Projected:
triangle[0].vertex[0].x = -1.000001
triangle[0].vertex[0].y = 1.000001
triangle[0].vertex[0].z = 0.999767
triangle[0].vertex[1].x = 1.000001
triangle[0].vertex[1].y = 1.000001
triangle[0].vertex[1].z = 0.999767
triangle[0].vertex[2].x = -1.000001
triangle[0].vertex[2].y = -1.000001
triangle[0].vertex[2].z = 1.000433
triangle[1].vertex[0].x = -1.000001
triangle[1].vertex[0].y = 1.000001
triangle[1].vertex[0].z = 0.999767
triangle[1].vertex[1].x = -1.000001
triangle[1].vertex[1].y = -1.000001
triangle[1].vertex[1].z = 1.000433
triangle[1].vertex[2].x = 1.000001
triangle[1].vertex[2].y = -1.000001
triangle[1].vertex[2].z = 1.000433
triangle[2].vertex[0].x = 1.000001
triangle[2].vertex[0].y = 1.000001
triangle[2].vertex[0].z = 1.000433
triangle[2].vertex[1].x = 1.000001
triangle[2].vertex[1].y = -1.000001
triangle[2].vertex[1].z = 1.000433
triangle[2].vertex[2].x = -1.000001
triangle[2].vertex[2].y = -1.000001
triangle[2].vertex[2].z = 1.000433
triangle[3].vertex[0].x = 1.000001
triangle[3].vertex[0].y = 1.000001
triangle[3].vertex[0].z = 1.000433
triangle[3].vertex[1].x = -1.000001
triangle[3].vertex[1].y = -1.000001
triangle[3].vertex[1].z = 1.000433
triangle[3].vertex[2].x = -1.000001
triangle[3].vertex[2].y = 1.000001
triangle[3].vertex[2].z = 1.000433
triangle[4].vertex[0].x = -1.000001
triangle[4].vertex[0].y = 1.000001
triangle[4].vertex[0].z = 1.000433
triangle[4].vertex[1].x = -1.000001
triangle[4].vertex[1].y = -1.000001
triangle[4].vertex[1].z = 1.000433
triangle[4].vertex[2].x = 1.000001
triangle[4].vertex[2].y = 1.000001
triangle[4].vertex[2].z = 0.999767
triangle[5].vertex[0].x = -1.000001
triangle[5].vertex[0].y = 1.000001
triangle[5].vertex[0].z = 1.000433
triangle[5].vertex[1].x = 1.000001
triangle[5].vertex[1].y = 1.000001
triangle[5].vertex[1].z = 0.999767
triangle[5].vertex[2].x = 1.000001
triangle[5].vertex[2].y = -1.000001
triangle[5].vertex[2].z = 0.999767
triangle[6].vertex[0].x = 1.000001
triangle[6].vertex[0].y = -1.000001
triangle[6].vertex[0].z = 0.999767
triangle[6].vertex[1].x = -1.000001
triangle[6].vertex[1].y = -1.000001
triangle[6].vertex[1].z = 0.999767
triangle[6].vertex[2].x = 1.000001
triangle[6].vertex[2].y = 1.000001
triangle[6].vertex[2].z = 1.000433
triangle[7].vertex[0].x = 1.000001
triangle[7].vertex[0].y = -1.000001
triangle[7].vertex[0].z = 0.999767
triangle[7].vertex[1].x = 1.000001
triangle[7].vertex[1].y = 1.000001
triangle[7].vertex[1].z = 1.000433
triangle[7].vertex[2].x = -1.000001
triangle[7].vertex[2].y = 1.000001
triangle[7].vertex[2].z = 1.000433
triangle[8].vertex[0].x = -1.000001
triangle[8].vertex[0].y = -1.000001
triangle[8].vertex[0].z = 0.999767
triangle[8].vertex[1].x = -1.000001
triangle[8].vertex[1].y = 1.000001
triangle[8].vertex[1].z = 0.999767
triangle[8].vertex[2].x = 1.000001
triangle[8].vertex[2].y = -1.000001
triangle[8].vertex[2].z = 1.000433
triangle[9].vertex[0].x = -1.000001
triangle[9].vertex[0].y = -1.000001
triangle[9].vertex[0].z = 0.999767
triangle[9].vertex[1].x = 1.000001
triangle[9].vertex[1].y = -1.000001
triangle[9].vertex[1].z = 1.000433
triangle[9].vertex[2].x = 1.000001
triangle[9].vertex[2].y = 1.000001
triangle[9].vertex[2].z = 1.000433
triangle[10].vertex[0].x = 1.000001
triangle[10].vertex[0].y = -1.000001
triangle[10].vertex[0].z = 0.999767
triangle[10].vertex[1].x = 1.000001
triangle[10].vertex[1].y = 1.000001
triangle[10].vertex[1].z = 0.999767
triangle[10].vertex[2].x = -1.000001
triangle[10].vertex[2].y = 1.000001
triangle[10].vertex[2].z = 0.999767
triangle[11].vertex[0].x = 1.000001
triangle[11].vertex[0].y = -1.000001
triangle[11].vertex[0].z = 0.999767
triangle[11].vertex[1].x = -1.000001
triangle[11].vertex[1].y = 1.000001
triangle[11].vertex[1].z = 0.999767
triangle[11].vertex[2].x = -1.000001
triangle[11].vertex[2].y = -1.000001
triangle[11].vertex[2].z = 0.999767
