MeshData 2 - Projected(Z-):
triangle[0].vertex[0].x = -23.255741
triangle[0].vertex[0].y = 23.255741
triangle[0].vertex[0].z = 0.992347
triangle[0].vertex[1].x = 23.255741
triangle[0].vertex[1].y = 23.255741
triangle[0].vertex[1].z = 0.992347
triangle[0].vertex[2].x = -0.510987
triangle[0].vertex[2].y = -0.510987
triangle[0].vertex[2].z = 1.000270
triangle[1].vertex[0].x = -23.255741
triangle[1].vertex[0].y = 23.255741
triangle[1].vertex[0].z = 0.992347
triangle[1].vertex[1].x = -0.510987
triangle[1].vertex[1].y = -0.510987
triangle[1].vertex[1].z = 1.000270
triangle[1].vertex[2].x = 0.510987
triangle[1].vertex[2].y = -0.510987
triangle[1].vertex[2].z = 1.000270
triangle[2].vertex[0].x = 0.510987
triangle[2].vertex[0].y = 0.510987
triangle[2].vertex[0].z = 1.000270
triangle[2].vertex[1].x = 0.510987
triangle[2].vertex[1].y = -0.510987
triangle[2].vertex[1].z = 1.000270
triangle[2].vertex[2].x = -0.510987
triangle[2].vertex[2].y = -0.510987
triangle[2].vertex[2].z = 1.000270
triangle[3].vertex[0].x = 0.510987
triangle[3].vertex[0].y = 0.510987
triangle[3].vertex[0].z = 1.000270
triangle[3].vertex[1].x = -0.510987
triangle[3].vertex[1].y = -0.510987
triangle[3].vertex[1].z = 1.000270
triangle[3].vertex[2].x = -0.510987
triangle[3].vertex[2].y = 0.510987
triangle[3].vertex[2].z = 1.000270
triangle[4].vertex[0].x = -0.510987
triangle[4].vertex[0].y = 0.510987
triangle[4].vertex[0].z = 1.000270
triangle[4].vertex[1].x = -0.510987
triangle[4].vertex[1].y = -0.510987
triangle[4].vertex[1].z = 1.000270
triangle[4].vertex[2].x = 23.255741
triangle[4].vertex[2].y = 23.255741
triangle[4].vertex[2].z = 0.992347
triangle[5].vertex[0].x = -0.510987
triangle[5].vertex[0].y = 0.510987
triangle[5].vertex[0].z = 1.000270
triangle[5].vertex[1].x = 23.255741
triangle[5].vertex[1].y = 23.255741
triangle[5].vertex[1].z = 0.992347
triangle[5].vertex[2].x = 23.255741
triangle[5].vertex[2].y = -23.255741
triangle[5].vertex[2].z = 0.992347
triangle[6].vertex[0].x = 23.255741
triangle[6].vertex[0].y = -23.255741
triangle[6].vertex[0].z = 0.992347
triangle[6].vertex[1].x = -23.255741
triangle[6].vertex[1].y = -23.255741
triangle[6].vertex[1].z = 0.992347
triangle[6].vertex[2].x = 0.510987
triangle[6].vertex[2].y = 0.510987
triangle[6].vertex[2].z = 1.000270
triangle[7].vertex[0].x = 23.255741
triangle[7].vertex[0].y = -23.255741
triangle[7].vertex[0].z = 0.992347
triangle[7].vertex[1].x = 0.510987
triangle[7].vertex[1].y = 0.510987
triangle[7].vertex[1].z = 1.000270
triangle[7].vertex[2].x = -0.510987
triangle[7].vertex[2].y = 0.510987
triangle[7].vertex[2].z = 1.000270
triangle[8].vertex[0].x = -23.255741
triangle[8].vertex[0].y = -23.255741
triangle[8].vertex[0].z = 0.992347
triangle[8].vertex[1].x = -23.255741
triangle[8].vertex[1].y = 23.255741
triangle[8].vertex[1].z = 0.992347
triangle[8].vertex[2].x = 0.510987
triangle[8].vertex[2].y = -0.510987
triangle[8].vertex[2].z = 1.000270
triangle[9].vertex[0].x = -23.255741
triangle[9].vertex[0].y = -23.255741
triangle[9].vertex[0].z = 0.992347
triangle[9].vertex[1].x = 0.510987
triangle[9].vertex[1].y = -0.510987
triangle[9].vertex[1].z = 1.000270
triangle[9].vertex[2].x = 0.510987
triangle[9].vertex[2].y = 0.510987
triangle[9].vertex[2].z = 1.000270
triangle[10].vertex[0].x = 23.255741
triangle[10].vertex[0].y = -23.255741
triangle[10].vertex[0].z = 0.992347
triangle[10].vertex[1].x = 23.255741
triangle[10].vertex[1].y = 23.255741
triangle[10].vertex[1].z = 0.992347
triangle[10].vertex[2].x = -23.255741
triangle[10].vertex[2].y = 23.255741
triangle[10].vertex[2].z = 0.992347
triangle[11].vertex[0].x = 23.255741
triangle[11].vertex[0].y = -23.255741
triangle[11].vertex[0].z = 0.992347
triangle[11].vertex[1].x = -23.255741
triangle[11].vertex[1].y = 23.255741
triangle[11].vertex[1].z = 0.992347
triangle[11].vertex[2].x = -23.255741
triangle[11].vertex[2].y = -23.255741
triangle[11].vertex[2].z = 0.992347
