MeshData 3 - Projected(Z+):
triangle[0].vertex[0].x = -0.499086
triangle[0].vertex[0].y = 0.499086
triangle[0].vertex[0].z = 0.999934
triangle[0].vertex[1].x = 0.499086
triangle[0].vertex[1].y = 0.499086
triangle[0].vertex[1].z = 0.999934
triangle[0].vertex[2].x = 272.736053
triangle[0].vertex[2].y = 272.736053
triangle[0].vertex[2].z = 0.909179
triangle[1].vertex[0].x = -0.499086
triangle[1].vertex[0].y = 0.499086
triangle[1].vertex[0].z = 0.999934
triangle[1].vertex[1].x = 272.736053
triangle[1].vertex[1].y = 272.736053
triangle[1].vertex[1].z = 0.909179
triangle[1].vertex[2].x = -272.736053
triangle[1].vertex[2].y = 272.736053
triangle[1].vertex[2].z = 0.909179
triangle[2].vertex[0].x = -272.736053
triangle[2].vertex[0].y = -272.736053
triangle[2].vertex[0].z = 0.909179
triangle[2].vertex[1].x = -272.736053
triangle[2].vertex[1].y = 272.736053
triangle[2].vertex[1].z = 0.909179
triangle[2].vertex[2].x = 272.736053
triangle[2].vertex[2].y = 272.736053
triangle[2].vertex[2].z = 0.909179
triangle[3].vertex[0].x = -272.736053
triangle[3].vertex[0].y = -272.736053
triangle[3].vertex[0].z = 0.909179
triangle[3].vertex[1].x = 272.736053
triangle[3].vertex[1].y = 272.736053
triangle[3].vertex[1].z = 0.909179
triangle[3].vertex[2].x = 272.736053
triangle[3].vertex[2].y = -272.736053
triangle[3].vertex[2].z = 0.909179
triangle[4].vertex[0].x = 272.736053
triangle[4].vertex[0].y = -272.736053
triangle[4].vertex[0].z = 0.909179
triangle[4].vertex[1].x = 272.736053
triangle[4].vertex[1].y = 272.736053
triangle[4].vertex[1].z = 0.909179
triangle[4].vertex[2].x = 0.499086
triangle[4].vertex[2].y = 0.499086
triangle[4].vertex[2].z = 0.999934
triangle[5].vertex[0].x = 272.736053
triangle[5].vertex[0].y = -272.736053
triangle[5].vertex[0].z = 0.909179
triangle[5].vertex[1].x = 0.499086
triangle[5].vertex[1].y = 0.499086
triangle[5].vertex[1].z = 0.999934
triangle[5].vertex[2].x = 0.499086
triangle[5].vertex[2].y = -0.499086
triangle[5].vertex[2].z = 0.999934
triangle[6].vertex[0].x = 0.499086
triangle[6].vertex[0].y = -0.499086
triangle[6].vertex[0].z = 0.999934
triangle[6].vertex[1].x = -0.499086
triangle[6].vertex[1].y = -0.499086
triangle[6].vertex[1].z = 0.999934
triangle[6].vertex[2].x = -272.736053
triangle[6].vertex[2].y = -272.736053
triangle[6].vertex[2].z = 0.909179
triangle[7].vertex[0].x = 0.499086
triangle[7].vertex[0].y = -0.499086
triangle[7].vertex[0].z = 0.999934
triangle[7].vertex[1].x = -272.736053
triangle[7].vertex[1].y = -272.736053
triangle[7].vertex[1].z = 0.909179
triangle[7].vertex[2].x = 272.736053
triangle[7].vertex[2].y = -272.736053
triangle[7].vertex[2].z = 0.909179
triangle[8].vertex[0].x = -0.499086
triangle[8].vertex[0].y = -0.499086
triangle[8].vertex[0].z = 0.999934
triangle[8].vertex[1].x = -0.499086
triangle[8].vertex[1].y = 0.499086
triangle[8].vertex[1].z = 0.999934
triangle[8].vertex[2].x = -272.736053
triangle[8].vertex[2].y = 272.736053
triangle[8].vertex[2].z = 0.909179
triangle[9].vertex[0].x = -0.499086
triangle[9].vertex[0].y = -0.499086
triangle[9].vertex[0].z = 0.999934
triangle[9].vertex[1].x = -272.736053
triangle[9].vertex[1].y = 272.736053
triangle[9].vertex[1].z = 0.909179
triangle[9].vertex[2].x = -272.736053
triangle[9].vertex[2].y = -272.736053
triangle[9].vertex[2].z = 0.909179
triangle[10].vertex[0].x = 0.499086
triangle[10].vertex[0].y = -0.499086
triangle[10].vertex[0].z = 0.999934
triangle[10].vertex[1].x = 0.499086
triangle[10].vertex[1].y = 0.499086
triangle[10].vertex[1].z = 0.999934
triangle[10].vertex[2].x = -0.499086
triangle[10].vertex[2].y = 0.499086
triangle[10].vertex[2].z = 0.999934
triangle[11].vertex[0].x = 0.499086
triangle[11].vertex[0].y = -0.499086
triangle[11].vertex[0].z = 0.999934
triangle[11].vertex[1].x = -0.499086
triangle[11].vertex[1].y = 0.499086
triangle[11].vertex[1].z = 0.999934
triangle[11].vertex[2].x = -0.499086
triangle[11].vertex[2].y = -0.499086
triangle[11].vertex[2].z = 0.999934